function mpc = case118_J2
%CASE118_J2

%% MATPOWER Case Format : Version 2
mpc.version = '2';

%%-----  Power Flow Data  -----%%
%% system MVA base
mpc.baseMVA = 100;

%% bus data
%	bus_i	type	Pd	Qd	Gs	Bs	area	Vm	Va	baseKV	zone	Vmax	Vmin
mpc.bus = [
	1	2	51	27	0	0	1	1	7.74479057	138	1	1.06	0.94;
	2	1	20	9	0	0	1	1	8.43130852	138	1	1.06	0.94;
	3	1	39	10	0	0	1	1	8.69237952	138	1	1.06	0.94;
	4	2	39	12	0	0	1	1	12.4644879	138	1	1.06	0.94;
	5	1	0	0	0	-40	1	1	12.933359	138	1	1.06	0.94;
	6	2	52	22	0	0	1	1	10.2652829	138	1	1.06	0.94;
	7	1	19	2	0	0	1	1	9.8572906	138	1	1.06	0.94;
	8	2	28	0	0	0	1	1	17.9575794	345	1	1.06	0.94;
	9	1	0	0	0	0	1	1	25.620805	345	1	1.06	0.94;
	10	2	0	0	0	0	1	1	33.7111611	345	1	1.06	0.94;
	11	1	70	23	0	0	1	1	9.95945043	138	1	1.06	0.94;
	12	2	47	10	0	0	1	1	9.5605109	138	1	1.06	0.94;
	13	1	34	16	0	0	1	1	8.52997827	138	1	1.06	0.94;
	14	1	14	1	0	0	1	1	8.86524415	138	1	1.06	0.94;
	15	2	90	30	0	0	1	1	8.5117808	138	1	1.06	0.94;
	16	1	25	10	0	0	1	1	9.18134919	138	1	1.06	0.94;
	17	1	11	3	0	0	1	1	10.9423024	138	1	1.06	0.94;
	18	2	60	34	0	0	1	1	8.7486265	138	1	1.06	0.94;
	19	2	45	25	0	0	1	1	8.30188672	138	1	1.06	0.94;
	20	1	18	3	0	0	1	1	8.96852938	138	1	1.06	0.94;
	21	1	14	8	0	0	1	1	10.3278668	138	1	1.06	0.94;
	22	1	10	5	0	0	1	1	12.6590144	138	1	1.06	0.94;
	23	1	7	3	0	0	1	1	17.3911768	138	1	1.06	0.94;
	24	2	13	0	0	0	1	1	18.5657329	138	1	1.06	0.94;
	25	2	0	0	0	0	1	1	22.6429436	138	1	1.06	0.94;
	26	2	0	0	0	0	1	1	24.1027862	345	1	1.06	0.94;
	27	2	71	13	0	0	1	1	11.1915575	138	1	1.06	0.94;
	28	1	17	7	0	0	1	1	9.74932392	138	1	1.06	0.94;
	29	1	24	4	0	0	1	1	9.07715854	138	1	1.06	0.94;
	30	1	0	0	0	0	1	1	15.7313181	345	1	1.06	0.94;
	31	2	43	27	0	0	1	1	9.29638118	138	1	1.06	0.94;
	32	2	59	23	0	0	1	1	10.9634967	138	1	1.06	0.94;
	33	1	23	9	0	0	1	1	8.43565162	138	1	1.06	0.94;
	34	2	59	26	0	14	1	1	9.70889262	138	1	1.06	0.94;
	35	1	33	9	0	0	1	1	9.25312667	138	1	1.06	0.94;
	36	2	31	17	0	0	1	1	9.24754496	138	1	1.06	0.94;
	37	1	0	0	0	-25	1	1	10.2200319	138	1	1.06	0.94;
	38	1	0	0	0	0	1	1	15.0323734	345	1	1.06	0.94;
	39	1	27	11	0	0	1	1	7.21615192	138	1	1.06	0.94;
	40	2	66	23	0	0	1	1	6.4375998	138	1	1.06	0.94;
	41	1	37	10	0	0	1	1	6.11662756	138	1	1.06	0.94;
	42	2	96	23	0	0	1	1	8.08879296	138	1	1.06	0.94;
	43	1	18	7	0	0	1	1	10.1020508	138	1	1.06	0.94;
	44	1	16	8	0	10	1	1	13.20687	138	1	1.06	0.94;
	45	1	53	22	0	10	1	1	15.1727979	138	1	1.06	0.94;
	46	2	28	10	0	10	1	1	18.1552681	138	1	1.06	0.94;
	47	1	34	0	0	0	1	1	20.531632	138	1	1.06	0.94;
	48	1	20	11	0	15	1	1	19.7765407	138	1	1.06	0.94;
	49	2	87	30	0	0	1	1	20.7884253	138	1	1.06	0.94;
	50	1	17	4	0	0	1	1	18.5983922	138	1	1.06	0.94;
	51	1	17	8	0	0	1	1	15.854533	138	1	1.06	0.94;
	52	1	18	5	0	0	1	1	14.9118678	138	1	1.06	0.94;
	53	1	23	11	0	0	1	1	13.9768964	138	1	1.06	0.94;
	54	2	113	32	0	0	1	1	14.8869614	138	1	1.06	0.94;
	55	2	63	22	0	0	1	1	14.6130526	138	1	1.06	0.94;
	56	2	84	18	0	0	1	1	14.7929607	138	1	1.06	0.94;
	57	1	12	3	0	0	1	1	16.0011374	138	1	1.06	0.94;
	58	1	12	3	0	0	1	1	15.1181469	138	1	1.06	0.94;
	59	2	277	113	0	0	1	1	18.9954443	138	1	1.06	0.94;
	60	1	78	3	0	0	1	1	22.6416515	138	1	1.06	0.94;
	61	2	0	0	0	0	1	1	23.5140294	138	1	1.06	0.94;
	62	2	77	14	0	0	1	1	22.9342901	138	1	1.06	0.94;
	63	1	0	0	0	0	1	1	22.2661808	345	1	1.06	0.94;
	64	1	0	0	0	0	1	1	24.0314748	345	1	1.06	0.94;
	65	2	0	0	0	0	1	1	27.2890395	345	1	1.06	0.94;
	66	2	39	18	0	0	1	1	27.4485576	138	1	1.06	0.94;
	67	1	28	7	0	0	1	1	24.4796119	138	1	1.06	0.94;
	68	1	0	0	0	0	1	1	27.3886482	345	1	1.06	0.94;
	69	3	0	0	0	0	1	1	30	138	1	1.06	0.94;
	70	2	66	20	0	0	1	1	22.1489939	138	1	1.06	0.94;
	71	1	0	0	0	0	1	1	21.7676382	138	1	1.06	0.94;
	72	2	12	0	0	0	1	1	20.2664196	138	1	1.06	0.94;
	73	2	6	0	0	0	1	1	21.6585731	138	1	1.06	0.94;
	74	2	68	27	0	12	1	1	21.2104654	138	1	1.06	0.94;
	75	1	47	11	0	0	1	1	22.5042733	138	1	1.06	0.94;
	76	2	68	36	0	0	1	1	21.3440197	138	1	1.06	0.94;
	77	2	61	28	0	0	1	1	26.7481396	138	1	1.06	0.94;
	78	1	71	26	0	0	1	1	26.4234102	138	1	1.06	0.94;
	79	1	39	32	0	20	1	1	26.7770187	138	1	1.06	0.94;
	80	2	130	26	0	0	1	1	29.370379	138	1	1.06	0.94;
	81	1	0	0	0	0	1	1	28.1192069	345	1	1.06	0.94;
	82	1	54	27	0	20	1	1	27.4002933	138	1	1.06	0.94;
	83	1	20	10	0	10	1	1	28.5593015	138	1	1.06	0.94;
	84	1	11	7	0	0	1	1	30.8503201	138	1	1.06	0.94;
	85	2	24	15	0	0	1	1	32.3668451	138	1	1.06	0.94;
	86	1	21	10	0	0	1	1	31.1663874	138	1	1.06	0.94;
	87	2	0	0	0	0	1	1	31.6376615	161	1	1.06	0.94;
	88	1	48	10	0	0	1	1	35.5054811	138	1	1.06	0.94;
	89	2	0	0	0	0	1	1	39.6545127	138	1	1.06	0.94;
	90	2	163	42	0	0	1	1	33.482086	138	1	1.06	0.94;
	91	2	10	0	0	0	1	1	33.3692315	138	1	1.06	0.94;
	92	2	65	10	0	0	1	1	33.9263221	138	1	1.06	0.94;
	93	1	12	7	0	0	1	1	30.9994555	138	1	1.06	0.94;
	94	1	30	16	0	0	1	1	28.9762482	138	1	1.06	0.94;
	95	1	42	31	0	0	1	1	27.8599207	138	1	1.06	0.94;
	96	1	38	15	0	0	1	1	27.7692497	138	1	1.06	0.94;
	97	1	15	9	0	0	1	1	28.1577036	138	1	1.06	0.94;
	98	1	34	8	0	0	1	1	27.8625368	138	1	1.06	0.94;
	99	2	42	0	0	0	1	1	27.5947841	138	1	1.06	0.94;
	100	2	37	18	0	0	1	1	28.8504492	138	1	1.06	0.94;
	101	1	22	15	0	0	1	1	30.0516619	138	1	1.06	0.94;
	102	1	5	3	0	0	1	1	32.5294825	138	1	1.06	0.94;
	103	2	23	16	0	0	1	1	25.4118827	138	1	1.06	0.94;
	104	2	38	25	0	0	1	1	22.5214125	138	1	1.06	0.94;
	105	2	31	26	0	20	1	1	21.4819046	138	1	1.06	0.94;
	106	1	43	16	0	0	1	1	21.2146105	138	1	1.06	0.94;
	107	2	50	12	0	6	1	1	18.7269756	138	1	1.06	0.94;
	108	1	2	1	0	0	1	1	20.498956	138	1	1.06	0.94;
	109	1	8	3	0	0	1	1	20.1292711	138	1	1.06	0.94;
	110	2	39	30	0	6	1	1	19.5004214	138	1	1.06	0.94;
	111	2	0	0	0	0	1	1	21.0442377	138	1	1.06	0.94;
	112	2	68	13	0	0	1	1	17.006909	138	1	1.06	0.94;
	113	2	6	0	0	0	1	1	10.8549248	138	1	1.06	0.94;
	114	1	8	3	0	0	1	1	10.504268	138	1	1.06	0.94;
	115	1	22	7	0	0	1	1	10.4738993	138	1	1.06	0.94;
	116	2	184	0	0	0	1	1	26.96168	138	1	1.06	0.94;
	117	1	20	8	0	0	1	1	7.95622907	138	1	1.06	0.94;
	118	1	33	15	0	0	1	1	21.477126	138	1	1.06	0.94;
];

%% generator data
%	bus	Pg	Qg	Qmax	Qmin	Vg	mBase	status	Pmax	Pmin	Pc1	Pc2	Qc1min	Qc1max	Qc2min	Qc2max	ramp_agc	ramp_10	ramp_30	ramp_q	apf
